   13   24   10   14   42   54   34   24   24   50   54
   12   25   65
   12   54   34   24   24   50   54
   13   24   10   14   42   25   65
   13   24   10   14   42   54   34   24   50   54
   13   24   10   14   42   54   34   24   24   24   50   54
   13   24   10   14   42   54   24   50   54
   13   24   10   14   42   54   34   24   24   34   24   24   50   54
   12   25   65
   13   24   10   14   42   25   65
   12   25   54
   13   24   10   14   42   54   34   24   24   50   65
   13   24   10   14   24   24   50   54
   13   24   10   14   42   54   34   42   25   65
   13   24   10   14   42   24   10   14   42   54   34   24   24   50   54
   13   54   34   42   25   65
   13   25   54
   12   24   10   14   42   54   34   24   24   34   24   24   50   54
   13   24   14   42   25   65
   13   24   10   10   14   42   25   65
   13   24   10   54
   13   24   10   14   42   54   24   50   14   42   54   24   50   54
   13   24   10   14   54
   12   25   42   25   65
   13   24   10   14   42   10   14   24   24   50   54
   13   24   54   24   50   54
   12   25   14   42   54   34   42   25   65
   13   24   10   54
   13   24   14   42   25   65
   13   24   10   10   10   14   54
   13   24   14   54
   12   54   34   24   24   50   42   25   65
   13   24   10   10   10   65
   13   24   10   14   42   25   14   54
   13   25   42   54   34   24   24   50   65
   13   24   10   14   54
   13   65
   13   24   10   14   42   25   24   10   54
   13   24   10   10   25   54
   13   14   42   25   65
   13   24   42   54   24   50   54
   13   24   10   14   14   54
   13   24   10   14   42   54   34   24   24   34   24   25   65
   13   24   10   14   42   24   50   54
   13   65
   13   24   10   14   42   25   24   10   14   42   54   34   24   24   34   24   25   65
   13   24   10   14   42   54   34   24   24   50   54
   12   25   65
   13   24   10   14   42   10   14   24   42   25   65
   13   54   34   24   50   54
   13   24   10   14   14   42   54   34   42   25   65
   12   25   42   54   34   24   50   54
   12   25   14   14   54
   13   24   10   65
   13   24   10   14   42   25   24   10   14   42   34   24   24   50   54
   13   24   10   14   42   54   54   34   24   24   34   24   25   65
   13   24   10   24   10   10   10   65
   13   14   42   25   24   10   54
   13   24   10   14   42   10   14   24   24   50   54
   13   24   10   14   42   54   34   24   50   54
   13   24   10   14   14   42   54   34   42   14   54
   13   24   25   65
   13   24   10   65
   13   24   10   24   10   10   42   54   24   50   54
   13   24   65
   13   14   42   25   10   14   42   25   65
   12   25   14   25   65
   13   14   42   42   54   34   42   25   65
   13   24   14   42   25   14   54
   13   24   10   10   65
   13   24   10   24   10   14   42   24   50   54
   13   10   10   65
   13   54   34   24   24   34   24   25   65
   13   24   10   14   42   24   10   14   54
   13   25   65
   13   14   42   24   25   65
   13   24   10   14   24   50   54
   13   24   10   14   42   54   54
   13   42   25   65
   12   25   24   10   65
   12   54   34   24   24   50   42   25   14   42   24   50   54
   13   24   10   24   10   65
   13   24   10   14   42   54   34   24   50   25   65
   12   25   42   54
   13   24   42   54   24   24   10   14   24   24   50   54
   13   50   54
   13   24   54
   13   24   10   14   14   10   14   42   54   24   50   54
   13   14   25   54
   12   42   25   24   10   54
   13   25   10   10   65
   13   24   54
   13   24   10   14   42   65
   13   24   50   54
   12   25   14   42   25   14   54
   13   24   65
   13   65
   13   25   42   54   34   24   24   50   24   10   24   10   10   42   54   24   50   54
   13   24   42   54   24   24   65
   13   10   14   24   24   50   54
   12   25   42   54   34   24   50   14   42   42   54   34   42   25   65
   13   54
   13   25   14   42   24   50   54
   12   54   34   24   24   50   42   54   34   24   50   54
   13   24   10   14   42   54   50   54
   13   24   10   14   24   24   50   14   42   54   24   50   54
   13   24   10   14   14   54
   12   54   34   24   24   50   42   54   34   24   50   42   54   34   42   14   54
   13   24   10   14   14   42   54   34   42   14   54
   13   50   54
   13   24   10   24   10   14   14   42   54   34   42   14   54
   13   14   14   54
   12   42   25   10   65
   12   25   24   24   10   54
   13   24   10   14   42   54   24   50   14   42   54   25   65
   12   24   50   54
   13   24   10   14   42   10   14   24   10   14   42   54   50   54
   13   24   42   25   65
   13   14   25   24   10   54
   12   42   25   54
   12   42   25   10   24   50   54
   13   24   54   65
   12   25   10   14   42   25   65
   13   14   42   25   24   10   65
   13   25   42   50   54
   13   24   10   14   24   24   54   34   24   24   50   65
   13   24   10   14   42   10   14   24   42   25   65
   13   24   65
   13   24   14   24   24   54   34   24   24   50   65
   13   24   10   10   14   42   65
   13   24   54
   13   50   10   10   14   42   65
   12   54   34   24   24   24   24   65
   13   24   42   54   50   42   25   14   42   24   50   54
   12   25   65
   13   10   10   24   10   65
   13   25   24   10   14   42   54   34   24   24   34   24   25   65
   13   24   10   14   42   42   25   65
   13   24   10   10   54
   13   24   10   14   14   10   14   42   54   24   50   65
   13   24   10   24   10   14   42   24   50   42   25   10   65
   12   54
   12   54   34   24   24   24   24   25   65
   13   24   14   42   65
   12   10   10   10   65
   13   24   10   24   42   25   24   10   54
   13   25   42   24   10   65
   13   54   34   24   24   50   24   10   24   10   10   42   54   24   50   54
   12   54
   13   54   34   24   24   24   24   65
   13   25   42   54
   12   24   10   24   10   14   42   24   50   54
   13   25   65
   12   25   14   24   10   10   25   54
   13   24   10   14   42   54   34   42   54   34   42   14   54
   12   54   34   24   24   50   42   54   34   24   50   24   24   50   54
   13   54
   13   14   42   25   24   10   24   10   14   42   25   65
   13   24   10   65
   13   24   10   10   14   42   10   14   24   10   14   42   54   50   54
   13   24   42   24   24   50   54
   13   24   10   14   42   54   34   54   24   24   65
   13   24   10   14   14   54
   13   14   42   25   65
   12   54   34   24   24   50   42   25   14   42   65
   13   24   10   14   42   24   50   54
   13   24   10   54
   12   25   24   65
   13   10   10   14   54
   13   24   10   24   65
   13   10   25   54
   13   24   10   65
   12   42   65
   13   24   10   14   25   14   14   54
   13   24   10   14   42   54   34   42   54
   12   54   34   42   14   54
   13   24   54   24   50   54
   13   50   54
   13   54
   13   25   24   14   54
   13   42   14   54
   12   54   34   54
   12   25   42   54   34   24   54
   13   50   50   14   42   42   54   34   42   25   65
   13   24   10   14   42   65
   13   24   10   25   24   10   54
   12   42   42   25   65
   13   24   10   14   42   10   14   24   65
   13   24   10   14   54
   12   25   14   42   25   14   24   50   54
   13   24   14   54
   12   54
   13   24   10   14   42   25   10   65
   12   14   54
   13   24   10   14   42   25   24   10   24   10   10   10   65
   13   10   65
   13   24   14   42   65
   13   14   42   25   10   14   42   25   25   65
   13   14   24   10   14   42   54   34   24   24   34   24   25   65
   13   24   10   14   42   25   25   54
   13   24   10   10   10   10   14   54
   13   24   14   42   10   14   24   42   25   65
   13   24   10   14   42   54   24   50   14   42   54   25   25   65
   12   65
   12   25   25   54
   12   42   65
   13   24   24   50   54
   12   24   10   24   10   14   42   10   24   65
   13   54   34   24   24   24   24   65
   12   14   42   25   65
   13   24   10   14   42   25   54
   12   42   25   65
   12   24   10   54
   13   24   10   14   42   25   14   24   10   14   42   10   24   65
   13   24   10   10   10   25   65
   13   25   54
   13   10   65
   13   42   25   65
   13   24   10   14   42   24   10   14   42   25   14   24   10   14   42   10   24   65
   13   24   65
   13   42   25   54   65
   13   24   42   24   24   50   25   65
   13   24   10   10   10   54
   12   24   50   42   25   65
   12   54   34   24   54
   13   54
   13   50   24   54
   13   24   10   10   14   65
   13   24   14   42   42   25   65
   12   25   10   14   42   10   14   24   42   25   65
   13   24   54
   13   24   10   24   54
   12   25   42   54   34   24   10   65
   13   54   34   42   25   65
   13   24   10   14   42   54   50   54
   13   24   10   14   42   54   34   24   10   54
   13   24   10   24   42   25   24   24   50   54
   12   25   24   10   54
   13   24   10   42   42   25   65
   13   54   34   24   24   24   65
   13   24   14   42   25   24   65
   13   25   24   10   65
   13   54
   13   54   34   42   25   50   54
   13   54   34   24   65
   13   24   42   24   24   50   25   24   24   50   42   54   34   24   50   42   54   34   42   14   54
   13   24   10   25   24   10   65
   13   10   10   54
   12   14   54
   13   24   10   42   25   65
   13   24   14   42   65
   13   54   34   24   24   24   25   65
   13   24   10   14   14   24   10   14   42   25   24   10   54
   13   54
   13   24   14   65
   13   24   25   42   65
   12   25   10   14   42   24   10   65
   13   10   14   24   42   25   65
   13   10   10   14   42   24   50   54
   13   25   14   54
   13   50   50   14   42   42   54   34   42   25   25   54
   12   25   65
   13   10   14   24   24   10   14   54
   13   24   50   54
   13   24   54   24   25   24   65
   12   50   54
   13   24   42   14   24   50   54
   12   25   14   42   25   24   24   50   54
   12   14   65
   13   10   14   24   42   25   54
   13   24   10   14   42   54   34   42   65
   13   24   14   54   34   42   14   54
   12   24   42   25   50   54
   13   54   34   10   24   10   14   42   10   24   65
   12   24   14   54
   13   24   50   54
   13   24   10   24   42   25   24   10   42   25   10   14   42   25   25   65
   13   14   54
   13   24   10   25   24   10   65
   13   24   54
   13   24   14   10   10   10   65
   13   24   10   14   42   25   24   10   24   42   65
   13   24   25   50   54
   13   10   24   10   54
   12   25   24   25   54
   13   24   10   14   10   14   54
   13   24   54
   13   24   10   14   42   54   54   34   24   54
   12   25   42   34   42   54   34   42   14   54
   13   50   50   14   42   42   54   24   14   54
   13   34   42   25   25   54
   13   50   50   14   42   42   54   25   54
   13   10   34   42   25   65
   13   10   10   65
   13   24   14   10   24   14   42   65
   13   24   42   25   65
   13   24   65
   13   24   10   14   42   54   34   24   24   34   24   54
   13   50   25   65
   13   25   42   54   34   24   24   50   24   10   24   10   10   25   54
   13   24   10   10   42   54   24   50   54
   13   24   10   14   65
   13   10   42   54   34   24   24   50   54
   12   24   14   54
   13   54
   12   65
   13   25   24   10   54
   12   25   42   54   34   24   50   14   42   65
   12   42   42   54   34   42   25   65
   13   24   10   14   42   54   50   54
   13   54
   12   42   24   65
   13   25   10   24   50   54
   12   25   24   14   65
   12   65
   12   42   42   14   42   42   54   34   42   25   25   54
   13   25   54
   12   24   54
   12   24   24   10   65
   13   25   42   14   54
   13   24   10   14   42   25   24   10   54
   12   54   54   34   24   24   34   24   25   65
   13   24   14   54
   13   25   10   24   50   42   25   14   54
   13   14   54
   13   24   10   14   14   42   54   34   42   65
   13   24   50   54
   13   10   10   14   42   14   25   24   10   54
   12   54
   13   25   42   54   34   24   24   50   24   10   24   10   10   25   50   54
   13   54
   13   24   10   14   14   42   54   34   42   14   54
   13   25   54
   12   25   42   34   42   54   34   42   14   24   10   65
   12   54   34   24   24   50   24   25   54
   12   25   54
   12   14   42   24   10   14   42   54   34   24   24   50   54
   13   24   10   54   34   24   24   50   54
   13   24   10   14   42   25   24   10   54
   13   24   10   24   42   54   34   24   24   34   24   25   65
   13   25   42   54
   13   25   42   54   34   24   24   50   24   10   24   10   10   42   54   24   50   54
   13   50   50   14   42   42   14   42   10   24   65
   13   24   10   14   42   24   10   14   42   25   14   24   10   54   25   54
   12   25   42   54   34   42   54   34   42   25   65
   13   14   42   24   54
   13   24   10   24   50   54
   13   24   42   54   24   24   10   14   24   10   14   42   25   65
   13   54
   13   24   24   50   24   14   42   25   65
   13   10   24   50   54
   12   42   25   54   34   24   24   24   25   65
   13   24   24   10   14   42   10   14   24   24   50   54
   13   54
   13   24   10   14   14   54
   13   24   10   14   42   54   34   24   24   50   54
   12   54
   13   24   54
   13   24   10   14   42   54   54
   13   24   14   10   10   10   65
   13   54   34   24   65
   12   25   42   54   34   24   50   14   42   42   54   34   42   25   24   24   24   65
   13   24   54
   13   24   24   10   14   42   10   14   24   24   50   54
   13   65
   12   25   34   42   25   25   54
   13   24   10   14   42   10   14   24   14   54
   13   24   14   42   25   24   50   54
   13   24   65
   13   10   10   14   65
   13   25   65
   13   14   42   24   24   50   24   14   42   25   65
   13   24   10   14   42   54   34   24   10   54
   13   24   10   14   10   14   54
   12   25   65
   12   54   34   54
   13   24   42   24   24   50   25   24   24   50   42   54   34   24   50   42   54   34   42   14   54
   13   24   10   14   14   10   14   42   54   24   50   54
   12   54
   13   24   10   14   24   10   54
   13   24   10   65
   13   24   10   14   42   25   14   42   54   34   24   24   34   24   25   65
   13   54   34   42   14   54
   13   24   14   54
   13   24   10   14   54
   13   24   14   54
   13   24   10   14   42   25   25   54
   13   24   14   54
   12   25   65
   12   54
   13   24   10   14   14   25   65
   12   10   14   42   54   24   50   54
   12   25   42   54   34   10   14   42   10   14   24   42   25   65
   12   25   24   54
   13   24   54   24   50   54   34   24   24   50   65
   13   24   10   14   24   24   54
   13   24   10   10   25   54
   12   25   14   54
   13   24   14   42   65
   13   24   10   10   14   10   10   10   65
   13   24   42   14   24   14   24   24   10   14   54
   13   10   50   54
   12   54   34   24   24   50   42   25   65
   13   24   10   14   14   42   24   50   54
   12   42   25   50   54
   13   24   10   14   42   24   10   65
   13   24   10   24   10   24   65
   13   10   25   54
   12   25   34   42   25   25   10   14   42   10   24   65
   13   24   10   14   42   24   10   14   42   25   14   24   54
   12   54   34   24   24   54   24   50   54
   12   10   14   42   50   42   54   34   24   50   54
   13   24   54
   12   24   14   10   14   54
   13   25   42   54   34   24   24   50   24   10   24   10   10   42   54   24   42   25   65
   12   24   50   50   54
   13   24   24   50   54
   13   10   10   14   14   24   10   14   42   25   24   10   54
   13   25   54
   13   10   42   54   34   24   24   50   54
   13   50   10   25   54
   13   24   10   54
   13   65
   13   24   14   54
   12   24   10   24   10   24   10   54
   13   10   14   42   10   24   65
   13   54
   12   24   54
   13   24   65
   13   42   54   24   50   54
   13   65
   13   24   14   42   24   10   10   14   10   10   10   65
   13   24   10   14   42   24   25   65
   13   24   10   14   10   65
   13   54
   13   54
   13   24   10   14   65
   13   10   54   34   24   50   25   65
   13   24   10   14   42   25   54
   13   25   42   65
   12   54   34   24   24   24   24   54
   13   24   10   14   42   54
   13   25   14   42   24   50   54
   12   10   25   54
   13   65
   13   24   10   65
   13   54   34   24   14   42   24   50   54
   13   14   34   24   24   24   24   25   65
   12   54   42   24   25   65
   13   24   10   25   24   42   54   34   24   50   14   42   42   54   34   42   25   24   24   24   65
   12   25   10   54
   13   24   54
   12   25   14   42   25   14   24   50   14   42   65
   12   10   24   25   65
   13   54   34   24   24   10   10   65
   13   24   10   14   24   24   54   54   34   42   14   54
   13   34   24   24   50   65
   13   25   14   42   14   54
   13   24   10   24   50   54
   13   24   24   65
   13   10   14   14   42   54   34   42   65
   12   42   25   54   34   24   50   54
   13   24   24   24   24   25   65
   13   34   24   24   24   50   42   54   34   42   14   54
   13   25   42   50   54
   13   10   65
   12   42   14   42   65
   13   24   42   14   42   42   54   34   42   25   25   54
   13   54   24   54
   13   34   24   65
   12   54
   12   65
   13   24   50   54
   12   54   34   24   54
   13   10   54
   13   54   34   42   14   54
   12   10   42   54   34   24   24   50   54
   12   25   42   24   10   14   42   65
   13   54   34   10   14   42   10   14   24   42   25   65
   12   25   42   14   24   24   50   14   42   54   24   50   54
   13   24   10   54   34   24   54
   12   24   65
   13   24   10   25   24   10   14   54
   12   25   24   24   10   10   65
   13   24   54
   13   24   10   10   65
   13   10   14   24   24   50   54
   13   24   10   24   42   54   34   24   24   34   24   25   65
   13   24   24   50   24   14   42   25   65
   12   25   14   42   10   10   14   42   65
   13   50   25   14   24   50   54
   13   54
   13   65
   13   54   34   24   24   10   10   65
   12   42   65
   12   24   54
   12   54   34   54
   13   54   34   24   24   34   24   25   65
   12   54   24   10   14   14   54
   12   14   25   65
   13   24   10   14   54
   13   24   10   14   10   65
   13   24   14   65
   13   25   42   54   34   24   24   50   24   10   24   10   10   42   54   24   42   24   25   65
   12   50   14   42   42   54   34   42   25   24   24   24   65
   12   25   42   54   34   24   65
   13   24   14   42   25   65
   13   42   54   24   24   65
   12   24   65
   13   14   42   24   25   54
   13   24   10   14   42   14   54
   13   24   54   34   24   50   54
   13   42   24   24   50   24   14   42   25   65
   13   14   50   25   65
   13   54
   13   24   14   54
   12   42   54   34   42   25   65
   12   25   14   54
   13   24   24   10   14   42   10   14   14   42   25   65
   13   24   24   24   50   54
   13   10   25   54
   13   24   10   14   24   24   54   34   24   24   50   65
   12   24   24   50   65
   13   34   24   24   10   65
   13   24   54   24   65
   12   24   50   54
   13   42   54   24   14   54
   13   50   50   14   42   24   54   24   50   54
   12   25   24   54
   13   24   65
   13   24   10   25   54
   13   14   24   10   65
   13   24   10   10   10   10   14   54
   13   10   10   14   42   24   50   54
   12   25   24   50   24   14   42   25   65
   13   14   42   24   54
   12   54
   12   24   54
   12   25   14   42   54   34   24   24   34   24   54
   13   24   10   14   14   54
   13   24   10   14   24   24   50   54
   12   54
   13   54   34   24   24   50   42   25   65
   12   54   34   24   24   10   10   65
   13   10   50   14   24   10   14   42   54   34   24   24   34   24   25   65
   13   54
   13   24   10   14   14   24   10   14   42   25   54   50   54
   13   24   10   10   14   42   10   14   24   10   14   42   24   10   54
   12   24   54
   12   24   50   54
   13   25   42   54   34   24   24   50   24   10   24   42   54   34   24   24   50   54
   13   24   10   14   10   10   42   54   24   50   54
   12   25   24   50   65
   12   24   42   24   10   14   42   65
   12   25   14   42   54   34   24   24   34   24   34   24   25   65
   13   54   34   24   24   54
   13   24   24   50   54
   13   24   10   14   42   10   14   24   54
   13   24   10   14   14   42   24   42   54   34   24   24   50   54
   13   24   10   14   50   54
   13   34   24   24   50   54
   13   24   10   14   42   54   24   50   54
   13   24   10   24   42   25   24   10   42   25   42   24   50   54
   13   54   34   24   14   10   14   42   25   25   65
   13   24   10   14   42   10   34   24   54
   13   24   10   54   14   24   24   50   54
   13   24   24   50   54
   12   42   25   10   50   54
   13   10   10   10   14   42   54   24   50   54
   13   24   24   10   65
   12   65
   13   10   14   24   42   25   25   54
   12   54
   12   24   14   42   25   65
   12   65
   12   25   42   54   34   24   50   14   42   65
   12   42   50   54
   13   25   54
   13   24   10   14   42   54   54
   12   54   34   24   54
   13   24   10   10   65
   12   10   54
   13   25   10   10   65
   13   25   42   54   34   24   24   50   24   10   24   10   10   42   54   24   42   25   65
   13   24   10   24   42   25   24   10   42   25   42   24   50   24   14   42   65
   13   54
   13   24   42   24   24   50   25   54
   12   25   65
   12   54   34   24   24   54   34   24   50   24   24   50   54
   12   54   34   24   24   50   42   50   54
   13   24   34   24   14   42   24   50   54
   13   54   34   24   24   50   42   65
   12   25   14   42   10   10   14   42   25   65
   13   24   10   10   65
   13   65
   13   24   14   42   24   54   24   50   54
   13   24   10   14   24   24   54   14   42   25   65
   13   24   10   10   34   24   24   50   65
   13   25   24   50   54
   13   24   10   14   42   65
   13   54
   12   54   34   24   24   50   42   54   34   24   50   42   54   34   42   14   25   54
   12   25   24   50   24   42   10   14   24   24   50   54
   13   24   10   14   14   42   25   65
   12   65
   12   54
   13   54
   12   24   10   24   42   54   34   24   24   34   24   25   65
   12   24   10   24   10   14   42   25   10   65
   12   42   24   50   54
   13   24   10   14   65
   13   42   24   50   54
   12   24   34   24   14   42   24   50   54
   13   10   54
   13   54   34   24   10   65
   12   25   42   42   25   54   65
   13   54   34   24   24   34   24   25   65
   12   54   54   34   24   24   24   25   65
   13   24   42   54   25   65
   12   42   24   24   10   14   24   10   14   42   25   65
   13   65
   12   54
