   13   24   10   14   42   54   34   24   24   50   54
   13   24   10   14   42   54   34   47   83
   13   24   10   14   42   54   34   54
   13   24   54
   13   24   10   14   42   54   34   24   24   50   10   14   42   54   34   24   24   50   54
   13   24   10   14   42   54   54   34   54
   13   24   10   14   42   34   47   83
   13   24   54   34   24   24   50   10   14   42   54   34   24   24   50   54
   13   24   10   14   42   54
   13   10   14   42   54   34   24   24   50   54
   13   24   54   34   24   24   50   24   54
   13   24   10   14   42   54
   13   24   54   34   24   24   50   10   14   42   54   34   24   24   50   54
   13   24   54   34   24   24   50   10   14   42   54   34   42   54   34   47   83
   13   24   10   14   24   24   50   54
   13   24   10   14   24   54   34   24   24   50   10   14   42   54   34   24   24   50   54
   13   42   54
   13   24   10   14   42   54   34   47   83
   13   24   10   14   42   54   34   24   24   50   54
   13   24   10   14   14   24   24   50   54
   13   24   10   42   54   54   34   54
   13   24   10   24   10   14   42   54   34   54
   13   24   10   14   24   24   50   42   54   34   47   83
   13   24   10   14   54
   13   24   10   14   42   54   34   24   42   54
   13   24   50   54
   13   24   10   24   10   14   42   54   54   34   54
   13   14   42   54   54   34   54
   13   24   10   42   54
   13   14   54
   13   14   24   10   14   42   54   34   47   83
   13   24   10   42   14   54
   13   54
   13   14   42   24   10   24   10   14   42   54   34   54
   13   24   10   14   42   34   47   14   54
   13   24   10   14   42   34   47   14   54
   13   24   10   14   42   34   47   14   54
   13   24   10   14   42   24   10   14   54
   13   24   10   24   42   34   47   14   54
   13   24   10   14   10   14   42   54   34   54
   13   24   10   34   47   14   54
   13   24   10   14   42   14   42   54
   13   14   42   24   10   24   10   14   42   54   24   10   14   54
   13   24   10   14   42   34   54
   13   24   10   14   42   54   34   24   24   50   54
   13   24   54   34   24   24   50   10   14   14   24   24   50   54
   13   24   10   14   47   83
   13   24   10   14   42   54   34   42   54   34   24   42   54
   13   24   10   34   47   14   54
   13   24   10   14   54
   13   34   24   24   50   10   14   42   54   34   24   24   50   54
   13   24   10   14   42   54   24   10   42   54   54   34   54
   13   24   10   14   42   54   34   42   54   54   34   54
   13   24   10   24   10   14   42   34   24   42   54
   13   24   10   54
   13   24   10   42   14   14   42   14   42   54
   13   24   54   34   24   24   50   24   42   54   34   42   54   34   24   42   54
   13   24   10   14   54
   13   24   10   14   42   54
   13   24   10   14   42   14   42   34   47   83
   13   24   10   50   10   14   42   54   34   24   24   50   54
   13   24   10   14   24   54   34   24   24   34   47   14   54
   13   24   50   10   14   14   24   24   50   54
   13   24   54   34   24   24   10   14   42   34   54
   13   24   10   14   14   42   54
   13   24   10   10   14   42   54   34   54
   13   24   10   14   42   54   34   42   54
   13   10   14   42   34   47   83
   13   24   24   50   10   14   14   24   24   50   54
   13   10   14   42   54   34   24   24   24   10   14   42   14   42   54
   13   24   10   14   24   50   54
   13   24   10   14   24   42   14   42   34   47   83
   13   24   10   10   34   47   14   54
   13   24   14   42   54
   13   24   54   34   24   24   50   10   14   42   54   34   24   24   50   10   14   42   34   47   83
   13   54
   13   24   54   34   24   24   50   10   14   42   54   34   24   24   50   50   54
   13   24   54   34   24   24   50   10   14   14   24   24   54
   13   24   54   34   24   24   50   10   14   42   54   34   42   54   34   34   47   83
   13   24   10   14   24   42   14   42   47   83
   13   10   14   42   54   34   24   24   50   10   14   42   54   34   24   24   50   10   14   42   34   47   83
   13   24   54   34   24   24   24   10   14   42   14   42   54
   13   24   10   14   47   24   10   14   24   42   14   42   34   47   83
   13   54
   13   24   10   14   42   54   54   34   54
   13   24   10   14   42   54   34   24   10   10   34   47   14   54
   13   24   54   34   24   24   50   54
   13   24   54   34   24   24   50   10   14   42   10   14   24   50   54
   13   54
   13   24   10   14   42   34   47   14   54
   13   24   10   47   83
   13   14   42   54
   13   14   42   54   14   42   54
   13   24   10   54   34   54
   13   14   24   10   14   42   54   34   54
   13   14   42   24   10   24   10   14   42   54   34   47   83
   13   24   10   14   42   54   34   24   10   14   24   50   54
   13   24   24   50   54
   13   24   54   54
   13   24   10   34   47   14   34   24   24   50   10   14   42   54   34   24   24   50   50   54
   13   24   24   50   24   24   50   54
   13   24   54   34   24   24   50   10   14   14   54
   13   24   10   14   42   54   34   42   54   34   24   42   54
   13   24   10   14   42   54   34   47   83
   13   24   10   14   42   10   42   54
   13   24   54
   13   14   42   24   10   24   10   14   24   24   50   54
   13   24   54   34   24   24   50   10   14   14   42   54   34   54
   13   24   10   42   14   54
   13   24   10   14   42   54   54   34   54
   13   24   10   14   54
   13   24   24   50   42   54
   13   24   10   54   34   24   10   10   34   47   14   54
   13   24   10   14   42   14   42   24   10   14   54
   13   14   42   54   34   54
   13   14   24   10   14   54
   13   10   14   42   34   47   14   54
   13   24   14   24   10   14   54
   13   14   42   24   10   14   42   14   42   24   10   14   54
   13   54
   13   24   10   24   10   24   10   14   54
   13   24   14   14   42   34   24   42   54
   13   24   10   14   47   24   10   42   54   54   34   54
   13   24   10   14   14   24   42   14   42   34   47   83
   13   24   10   10   34   47   14   24   10   14   42   54   34   42   54   54   34   54
   13   54
   13   24   10   14   42   14   42   42   54
   13   14   54
   13   24   10   14   42   14   10   14   24   24   50   54
   13   24   42   42   54
   13   24   10   14   50   42   54   34   47   83
   13   24   10   14   24   24   42   14   42   34   47   83
   13   24   10   42   54
   13   24   54   34   24   24   50   24   42   54   34   42   54   34   24   24   42   34   47   14   54
   13   24   10   14   10   14   42   54   24   10   14   14   24   42   14   42   34   47   83
   13   34   54
   13   24   24   10   14   42   10   42   54
   13   10   14   54
   13   34   54
   13   24   54   34   24   24   10   14   42   24   10   14   42   54   34   42   54
   13   10   14   42   24   10   14   54
   13   14   54   34   24   24   50   54
   13   10   14   54
   13   10   14   42   24   54
