   13   24   10   14   42   54   34   24   24   50   54
   13   24   10   14   42   54   34   24   24   18
   13   24   10   14   42   54   34   24   24   50   71   18
   49   57   52   73   84   95   83   71   18
   13   24   71   18
   13   24   10   14   42   54   24   71   18
   13   34   24   24   18
   13   24   10   14   42   54   34   24   18
   13   34   24   24   24   50   54
   13   24   10   14   42   54   34   18
   13   24   10   14   42   54   24   71   24   24   18
   13   24   10   14   42   54   24   18
   13   24   10   14   42   54   24   71   24   24   71   24   24   18
   13   24   10   14   54   34   24   24   50   71   18
   13   24   10   14   42   42   54   34   24   24   18
   13   24   10   14   42   54   24   71   24   71   18
   13   24   24   71   24   24   18
   13   24   10   14   24   10   14   42   54   24   71   24   24   18
   13   42   54   34   24   24   18
   13   24   10   14   42   54   24   71   24   24   14   42   54   34   24   24   50   54
   13   24   10   18
   13   24   10   14   42   54   24   71   24   24   71   24   24   18
   13   24   10   14   42   54   34   18
   13   24   24   24   24   71   24   24   18
   13   71   24   24   18
   13   24   10   42   42   54   34   24   24   18
   13   24   10   14   14   54   34   24   24   50   71   18
   13   24   10   14   42   54   24   71   24   24   18
   13   24   54   34   24   24   50   54
   13   24   10   14   42   71   18
